![wpn_desert_eagle_nimble_acog]
scope_texture                                      = 
scope_zoom_factor                                  = 42.86
zoom_rotate_time                                   = 0.25
![wpn_desert_eagle_nimble_acog_hud]
        aim_hud_offset_pos               = -0.050539, 0.005959, -0.271646
        aim_hud_offset_pos_16x9          = -0.050539, 0.005959, -0.271646
        aim_hud_offset_rot               = -0.007365, -0.016635, -0.008
        aim_hud_offset_rot_16x9          = -0.007365, -0.016635, -0.008